4294967278,88
4294967279,282
4294967278,361
4294967279,259
4294967279,425
4294967294,82
4294967294,91
4294967294,90
4294967294,87
4294967294,85
4294967294,84
4294967294,83
4294967294,397
4294967294,408
4294967294,386
4294967294,179
4294967294,1017
4294967294,405
4294967294,178
4294967294,419
4294967294,168
4294967294,981
4294967294,118
4294967294,109
4294967294,394
4294967278,360
4294967278,359
4294967279,424
4294967278,256
4294967279,423
4294967279,422
4294967278,358
4294967278,357
4294967294,5
4294967279,421
4294967278,356
4294967278,355
4294967278,255
4294967279,420
4294967278,254
4294967278,354
4294967294,470
4294967278,353
4294967294,988
4294967294,990
4294967294,1035
4294967278,352
4294967278,0
4294967279,419
4294967278,132
4294967278,131
4294967278,130
4294967278,129
4294967278,128
4294967278,127
4294967278,126
4294967278,125
4294967278,123
4294967278,121
4294967278,120
4294967278,119
4294967278,118
4294967278,117
4294967278,116
4294967278,115
4294967278,114
4294967278,113
4294967278,109
4294967278,107
4294967278,106
4294967278,105
4294967278,104
4294967278,174
4294967278,99
4294967278,97
4294967278,96
4294967278,95
4294967278,94
4294967278,93
4294967278,87
4294967278,86
4294967278,84
4294967278,83
4294967278,82
4294967278,81
4294967278,79
4294967278,78
4294967278,67
4294967278,66
4294967278,64
4294967278,63
4294967278,62
4294967278,61
4294967278,60
4294967278,59
4294967278,58
4294967278,57
4294967278,307
4294967278,56
4294967278,55
4294967278,54
4294967278,303
4294967278,53
4294967278,52
4294967278,51
4294967278,50
4294967279,55
4294967279,53
4294967279,52
4294967279,49
4294967279,48
4294967279,43
4294967279,41
4294967279,301
4294967279,37
4294967279,34
4294967279,298
4294967279,30
4294967279,29
4294967279,26
4294967279,23
4294967279,22
4294967279,20
4294967279,19
4294967279,16
4294967279,287
4294967279,14
4294967279,12
4294967279,284
4294967279,10
4294967279,9
4294967279,8
4294967279,7
4294967279,281
4294967279,6
4294967279,280
4294967279,5
4294967279,278
4294967279,4
4294967278,351
4294967278,124
4294967279,418
4294967278,252
4294967278,122
4294967278,250
4294967278,248
4294967278,247
4294967278,243
4294967278,241
4294967278,239
4294967278,238
4294967278,237
4294967278,112
4294967278,234
4294967278,103
4294967278,111
4294967278,232
4294967278,110
4294967278,229
4294967278,230
4294967278,227
4294967278,108
4294967278,226
4294967278,223
4294967278,215
4294967278,219
25,5
25,4
4294967278,217
25,2
25,1
4294967278,216
4294967278,350
4294967278,102
4294967279,417
4294967278,349
4294967278,101
4294967278,100
4294967278,324
4294967278,211
4294967278,98
4294967278,210
4294967278,322
4294967279,416
4294967278,209
4294967278,207
4294967279,415
4294967278,206
4294967278,203
4294967278,204
4294967278,348
4294967278,92
4294967278,347
4294967278,346
4294967278,91
22,6
4294967278,89
4294967278,201
4294967278,90
4294967278,202
4294967278,320
4294967278,319
22,5
4294967278,85
4294967278,200
4294967278,199
4294967278,317
4294967278,198
4294967278,197
22,4
22,3
22,2
22,1
4294967279,414
4294967278,196
4294967294,173
4294967278,195
21,4
4294967278,194
21,3
21,2
21,1
4294967278,345
4294967278,80
4294967278,193
4294967278,192
20,4
20,3
20,2
20,1
4294967278,191
0,7
4294967278,344
4294967278,77
4294967294,114
4294967278,343
4294967278,75
4294967278,188
4294967278,342
4294967278,76
4294967279,413
4294967279,412
4294967278,341
4294967278,74
4294967294,81
4294967294,412
4294967279,411
4294967279,410
4294967294,6
4294967278,340
4294967278,73
4294967278,339
4294967278,72
4294967279,409
4294967294,89
4294967278,338
4294967278,70
4294967278,183
4294967278,71
4294967278,315
4294967279,408
4294967279,407
4294967294,128
4294967294,186
4294967294,1020
4294967278,337
4294967278,69
4294967294,107
4294967294,50
4294967294,96
4294967294,94
4294967279,406
4294967294,8
4294967278,336
4294967278,260
4294967278,68
4294967294,1021
4294967279,405
4294967279,0
4294967294,22
4294967294,17
4294967294,99
4294967294,9
4294967294,67
4294967294,1
4294967294,2
4294967294,0
4294967294,92
4294967294,88
4294967294,86
4294967294,1023
4294967294,147
4294967294,29
4294967294,28
4294967294,27
4294967294,471
4294967294,25
4294967294,26
4294967294,388
4294967294,46
4294967294,53
4294967294,436
4294967294,45
4294967294,44
4294967294,424
4294967294,41
4294967294,38
4294967294,36
4294967294,93
4294967294,95
0,5
4294967278,65
4294967294,7
4294967278,279
4294967278,335
4294967279,404
4294967279,403
4294967278,334
4294967278,333
19,5
19,4
19,2
19,1
4294967278,332
4294967279,402
4294967278,331
4294967279,401
4294967278,330
4294967279,400
4294967279,399
16,6
4294967279,398
16,5
4294967279,397
16,4
16,3
16,2
16,1
15,4
15,3
15,2
15,1
4294967279,396
14,4
14,3
14,2
